25 [Number of sprites]
{3.1,3.5,1.5,1.5,150,3|200},
{3.1,6.5,1.5,1.5,150,3|200},
{4.9,2.5,1.5,1.5,150,3|200},
{7.1,5.9,1.5,1.5,150,3|200},
{1.5,8.5,1,1,50,2|201},
{1.5,2.5,1,1,50,2|201},
{5.5,2.5,1,1,50,2|201},
{5.5,8.5,1,1,50,2|201},
{21.5,8.5,1,1,50,2|201},
{3.5,4.5,1.5,1.5,230,5|202},
{3.5,14.5,1.5,1.5,230,5|202},
{5.5,6.5,1.5,1.5,200,4|202},
{5.5,7.5,1.5,1.5,230,6|202},
{5.5,16.5,1.5,1.5,200,4|202},
{5.5,17.5,1.5,1.5,230,6|202},
{8.5,2.5,1.5,1.5,230,7|202},
{8.5,12.5,1.5,1.5,230,7|202},
{10.5,6.5,1.5,1.5,200,4|202},
{10.5,16.5,1.5,1.5,200,4|202},
{15.5,9.5,1.5,1.5,230,6|202},
{15.5,13.5,1.5,1.5,230,6|202},
{35.5,8.5,1.5,1.5,230,5|202},
{30.5,3.5,1.5,1.5,230,7|202},
{30.5,13.5,1.5,1.5,230,7|202},
{35.5,18.5,1.5,1.5,230,5|202},
